13495387054
15799767476
13699568303
18530653673
18181985972
15994089647
13507165108
15591858509
18801753571
15810159507
18028981826
18885033554
18306257130
17399853211
17669329642
13947567554
15759527825
19965591999
13915407634
13530701718
13024293013
13251016032
17665203845
13336679128
17884378693
13925572224
13915854993
18795326718
15056142475
17262971972
17183951623
15167143331
17538782681
19975625213
13047545009
15805775724
13738308683
18732034857
13669399448
19985413047
16606374128
18415347264
15551891855
19890251695
17127003935
15805117209
17763644313
15335462480
18876609333
18960273328
18008311082
17169787720
17697079328
17323732572
18390669554
15325572810
13411623347
13167788285
13490052428
17183451927
13134484681
13970217032
16527183658
15144025024
13871627100
15169497682
13502062515
18100148212
15095591277
13348721592
18928144964
13187712618
18488992702
13309019317
17873803186
18360124097
13647147157
13203118343
15094752688
18271491831
17525038624
13345226603
18190045616
18256559957
18484397266
18094831394
15804745498
17298219674
17238096736
17648202255
18084074867
17366565225
18745005948
15801443599
18790161904
17882016684
18897426544
17865376955
18363053305
17227966269
